4 C 0 2 0 27 1.53125 -0.046875 596.125 0.03125 1.578125 216.125 708 297 707 298 707 299 706 300 706 327 705 328 705 330 703 332 672 332 671 333 671 341 672 342 672 343 718 343 719 342 719 335 720 334 719 333 719 332 720 331 719 330 719 328 720 327 719 326 719 298 718 298 717 297
7 C 0 2 0 65 1.53125 0 616.75 0.015625 1.578125 217.25 731 297 729 299 729 308 728 309 729 310 729 311 728 312 728 313 729 314 729 315 728 316 728 317 729 318 729 323 728 324 729 325 729 326 728 327 728 331 727 332 695 332 694 333 694 335 693 336 693 337 694 338 694 341 695 342 695 343 741 343 742 342 742 340 743 339 743 338 742 337 742 336 743 335 743 326 742 325 742 324 743 323 743 322 742 321 743 320 743 318 742 317 742 316 743 315 743 314 742 313 742 312 743 311 743 310 742 309 742 308 743 307 743 306 742 305 742 304 743 303 743 302 742 301 742 298 740 298 739 297
14 C 0 0 5 47 1.578125 -0.046875 670.75 0.046875 1.546875 217.25 674 218 673 219 668 219 668 220 667 221 668 222 668 223 667 224 667 225 668 226 667 227 667 237 668 238 668 239 667 240 667 242 668 243 667 244 667 249 668 250 668 251 667 252 667 253 668 254 667 255 667 257 668 258 668 259 667 260 667 261 668 262 668 264 679 264 680 263 680 260 681 259 681 232 683 230 714 230 715 229 715 228 716 227 716 222 715 221 715 219 705 219 704 218
17 C 0 2 0 44 1.5625 -0.03125 692.75 0.03125 1.5625 217.25 807 298 805 300 805 327 804 328 804 329 805 330 803 332 775 332 774 333 771 333 771 334 770 335 770 341 771 342 771 343 772 344 816 344 817 343 818 343 818 340 819 339 819 325 818 324 819 323 819 322 818 321 819 320 819 318 818 317 818 316 819 315 819 314 818 313 818 312 819 311 819 310 818 309 818 308 819 307 819 306 818 305 818 299 817 299 816 298
21 C 0 1 3 24 1.546875 0 722.625 0 1.59375 217.25 827 219 826 220 825 220 825 229 826 229 827 230 832 230 833 231 834 231 835 232 835 238 836 239 837 239 838 240 844 240 845 239 847 239 847 236 848 235 848 222 847 221 847 220 846 220 845 219
22 C 0 2 0 44 1.5625 0.015625 728.375 0 1.578125 218.375 846 298 845 299 843 299 843 328 842 329 843 330 843 331 842 332 841 332 840 333 808 333 808 335 807 336 807 340 808 341 808 343 809 344 854 344 855 343 855 340 856 339 856 325 855 324 856 323 856 322 855 321 855 320 856 319 856 318 855 317 855 316 856 315 856 314 855 313 855 312 856 311 856 310 855 309 855 308 856 307 855 306 855 299 853 299 852 298
25 C 0 2 0 40 1.546875 0 751.625 0.015625 1.578125 218.25 866 299 865 300 865 331 863 333 832 333 830 335 830 341 831 342 831 344 844 344 845 345 874 345 875 344 877 344 878 343 878 340 879 339 879 329 878 328 879 327 879 326 878 325 878 324 879 323 879 322 878 321 878 320 879 319 879 318 878 317 878 316 879 315 879 314 878 313 878 312 879 311 879 310 878 309 878 300 877 299
32 C 0 3 1 54 1.5625 0.015625 803.375 0 1.59375 218.25 804 299 803 300 803 303 802 304 802 305 803 306 803 307 802 308 802 309 803 310 803 312 802 313 803 314 803 315 802 316 802 317 803 318 803 319 802 320 802 321 803 322 803 323 802 324 802 325 803 326 803 327 802 328 802 329 803 330 803 331 802 332 802 333 803 334 803 335 802 336 802 337 803 338 803 344 805 344 806 345 845 345 846 344 850 344 851 343 851 335 850 334 847 334 846 333 817 333 816 332 816 330 815 329 815 300 814 299
129 C 0 3 1 47 1.5625 -0.015625 810.625 0.015625 1.59375 218.125 808 299 808 307 807 308 807 309 808 310 808 311 807 312 807 313 808 314 808 315 807 316 807 317 808 318 808 319 807 320 807 321 808 322 808 323 807 324 807 325 808 326 807 327 807 338 808 339 807 340 808 341 808 344 810 344 811 345 852 345 853 344 855 344 855 340 856 339 856 338 855 337 855 335 854 334 847 334 846 333 822 333 821 332 821 331 820 330 820 302 819 301 819 299
134 C 0 1 3 21 1.546875 0 771.625 0.015625 1.59375 218.125 877 220 876 221 876 223 875 224 875 225 876 226 876 231 883 231 884 232 884 233 885 234 885 239 886 240 887 240 888 241 894 241 895 240 897 240 898 239 898 222 896 220
148 C 0 1 3 15 1.5625 -0.046875 669.875 0.046875 1.5625 217.125 772 220 772 230 773 230 774 231 779 231 781 233 781 238 783 240 792 240 793 239 794 239 794 236 795 235 795 222 793 220
150 C 0 0 5 42 1.546875 -0.046875 655 0.046875 1.5625 217.125 653 219 652 220 652 240 651 241 652 242 652 243 651 244 651 245 652 246 652 247 651 248 651 249 652 250 652 251 651 252 651 253 652 254 652 255 651 256 651 257 652 258 652 259 651 260 652 261 652 264 663 264 664 263 664 260 665 259 665 240 666 239 666 238 665 237 666 236 666 231 667 230 699 230 699 228 700 227 700 221 699 220 699 219
153 D 0 2 0 25 1.5 0 633 0.015625 1.59375 217.125 748 298 747 299 745 299 744 300 744 328 743 329 744 330 741 333 709 333 709 335 708 336 708 341 709 342 709 343 710 343 711 344 755 344 756 343 756 341 757 340 757 301 756 300 756 299 753 299 752 298
154 C 0 1 3 20 1.546875 -0.046875 626 0.046875 1.5625 217.125 732 219 731 220 728 220 728 230 730 230 731 231 736 231 737 232 737 238 739 240 748 240 749 239 750 239 750 236 751 235 751 222 750 221 750 220 742 220 741 219
177 C 0 2 0 30 1.53125 -0.046875 491.125 0.03125 1.578125 215.125 601 297 600 298 600 311 599 312 599 313 600 314 600 315 599 316 599 317 600 318 600 323 599 324 599 330 598 331 566 331 565 332 564 332 564 340 566 342 581 342 582 343 611 343 612 342 612 339 613 338 612 337 612 336 613 335 613 299 611 297
193 C 0 3 0 55 1.5625 0.03125 401.25 -0.046875 1.546875 218 407 295 406 296 404 296 403 297 404 298 404 299 403 300 403 302 404 303 403 304 403 306 404 307 403 308 403 309 404 310 404 311 403 312 403 313 404 314 404 315 403 316 403 317 404 318 404 319 403 320 404 321 404 324 403 325 404 326 404 341 421 341 422 340 447 340 448 339 449 339 449 330 448 329 416 329 415 328 415 313 414 312 415 311 415 310 414 309 414 308 415 307 415 306 414 305 414 304 415 303 415 302 414 301 414 296 413 296 412 295
206 C 0 1 4 30 1.515625 -0.046875 353.25 0.015625 1.5625 216.375 459 217 458 218 453 218 453 219 452 220 452 226 453 227 453 228 454 228 455 229 460 229 461 230 461 233 462 234 462 236 463 237 463 238 475 238 475 232 476 231 476 230 475 229 475 228 476 227 476 222 475 221 475 219 474 218 468 218 467 217
207 C 0 1 4 20 1.546875 -0.03125 344.875 -0.015625 1.5625 215.625 446 216 445 217 445 225 447 227 452 227 455 230 455 235 456 236 467 236 467 232 468 231 468 230 467 229 468 228 468 221 467 220 468 219 468 218 467 217 467 216
215 C 0 0 3 36 1.5625 0.03125 311.25 -0.078125 1.5625 217.125 343 216 342 217 315 217 314 218 313 218 313 219 312 220 312 229 313 230 313 231 312 232 312 233 313 234 313 235 312 236 312 237 313 238 313 239 312 240 313 241 313 262 314 263 321 263 322 262 324 262 324 229 325 228 349 228 350 227 357 227 357 226 358 225 358 222 357 221 357 217 356 216
226 C 0 1 3 24 1.5 -0.109375 278.875 0.078125 1.546875 211 379 216 378 217 377 217 377 226 378 227 383 227 386 230 386 236 388 236 389 237 396 237 397 236 398 236 399 235 399 228 400 227 400 226 399 225 399 224 400 223 400 218 399 217 396 217 395 216
228 C 0 1 3 25 1.5 -0.078125 260.625 0.046875 1.53125 215.375 363 217 362 218 360 218 359 219 359 228 362 228 363 229 367 229 368 230 368 237 369 238 379 238 380 237 381 237 382 236 382 232 383 231 383 230 382 229 382 228 383 227 383 219 382 218 379 218 378 217
234 C 0 3 0 32 1.484375 -0.015625 205.25 -0.03125 1.5625 216.75 202 296 201 297 201 316 200 317 201 318 201 319 200 320 200 321 201 322 201 323 200 324 200 337 201 338 201 339 202 340 244 340 245 339 247 339 247 336 248 335 248 334 247 333 247 332 248 331 246 329 216 329 215 328 215 326 214 325 214 298 213 297 213 296
239 C 0 1 4 14 1.5 -0.046875 169.375 -0.015625 1.5625 216.625 268 217 268 219 267 220 267 225 268 226 268 228 275 228 276 229 276 236 277 237 287 237 289 235 289 218 288 217
245 C 0 1 3 23 1.5 -0.078125 132.625 0.015625 1.546875 216.5 233 218 232 219 231 219 230 220 230 228 231 229 237 229 239 231 239 237 240 238 251 238 251 235 252 234 251 233 251 232 252 231 252 230 251 229 252 228 252 221 251 220 251 219 250 218
246 C 0 1 3 20 1.5 -0.0625 124.5 0.015625 1.53125 217.625 227 218 226 219 224 219 223 220 223 226 224 227 224 229 230 229 232 231 232 237 233 238 244 238 244 236 245 235 245 234 244 233 245 232 245 219 244 219 243 218
261 C 0 1 4 18 1.5 -0.03125 18.25 0 1.5 220 119 217 118 218 118 227 119 228 126 228 127 229 127 236 128 237 134 237 135 236 138 236 138 235 139 234 138 233 138 232 139 231 139 218 138 217
278 C 0 2 1 40 1.515625 0 11.875 -0.046875 1.515625 220.25 123 293 123 294 122 295 122 299 121 300 121 301 122 302 122 303 121 304 121 306 122 307 121 308 121 309 122 310 122 311 121 312 121 313 122 314 122 318 121 319 121 321 122 322 121 323 121 326 120 327 115 327 114 328 90 328 89 329 88 329 88 337 89 338 89 339 122 339 123 338 132 338 132 336 133 335 133 295 131 293
280 D 0 3 0 38 1.484375 0.015625 23 -0.0625 1.546875 219.125 25 296 24 297 23 297 23 304 22 305 23 306 23 307 22 308 22 309 23 310 23 311 22 312 22 313 23 314 23 315 22 316 22 338 23 339 23 340 24 341 39 341 40 340 64 340 65 339 66 339 66 336 67 335 67 333 66 332 67 331 66 330 65 330 64 329 37 329 36 330 33 327 33 298 31 296
291 C 0 1 5 28 1.5 -0.0625 67.5 0.015625 1.53125 217.625 169 218 168 219 167 219 166 220 166 228 167 229 172 229 173 230 174 230 175 231 175 237 176 238 185 238 186 237 186 235 187 234 186 233 186 232 187 231 187 230 186 229 186 228 187 227 187 221 186 220 187 219 185 219 184 218
297 C 0 1 5 24 1.5 -0.015625 100.125 -0.046875 1.546875 218 210 215 209 216 199 216 199 219 198 220 198 221 199 222 199 226 200 227 206 227 207 228 207 230 208 231 207 232 208 233 208 235 219 235 219 232 220 231 220 218 219 217 219 216 218 216 217 215
299 C 0 1 5 18 1.484375 -0.015625 113.25 -0.03125 1.546875 217.875 221 215 220 216 212 216 211 217 211 225 212 226 213 226 214 227 219 227 220 228 220 233 221 234 221 235 232 235 232 234 233 233 233 217 231 215
300 C 0 2 1 53 1.46875 0 120.25 -0.03125 1.546875 217.875 234 292 233 293 228 293 228 323 227 324 227 326 226 327 203 327 202 328 195 328 194 329 194 335 195 336 195 338 197 338 198 339 205 339 206 338 237 338 238 337 239 337 240 336 240 332 241 331 241 330 240 329 241 328 241 326 240 325 240 324 241 323 241 322 240 321 240 320 241 319 241 318 240 317 240 316 241 315 241 314 240 313 240 312 241 311 241 310 240 309 240 308 241 307 241 306 240 305 240 294 239 293 238 293 237 292
305 C 0 1 3 28 1.546875 -0.109375 155.5 0.046875 1.53125 214.375 256 217 256 218 255 219 255 228 262 228 263 229 263 230 264 231 263 232 263 233 264 234 264 235 263 236 264 237 265 237 266 238 272 238 273 237 275 237 275 231 276 230 275 229 275 228 276 227 276 219 275 218 274 218 273 217
307 C 0 1 3 20 1.53125 -0.109375 163.625 0.046875 1.546875 213.25 264 217 264 219 263 220 263 227 264 228 271 228 272 229 272 237 282 237 283 236 283 228 284 227 283 226 283 224 284 223 284 221 283 220 284 219 284 218 283 217
322 C 0 2 1 27 1.484375 0 231.125 -0.03125 1.5625 216.75 340 293 340 295 339 296 339 313 340 314 340 318 339 319 339 326 338 327 322 327 321 328 306 328 305 329 305 337 306 338 307 338 308 339 337 339 338 338 351 338 352 337 352 336 353 335 353 298 352 297 352 294 351 293
332 C 0 2 0 31 1.5 -0.046875 315.375 0.015625 1.5625 216.375 424 296 423 297 423 324 422 325 423 326 422 327 422 328 420 330 389 330 388 331 388 340 389 341 434 341 435 340 435 332 436 331 436 330 435 329 435 328 436 327 436 326 435 325 435 324 436 323 436 322 435 321 435 320 436 319 436 298 435 297 435 296
366 C 0 3 0 60 1.546875 0.015625 450.5 -0.03125 1.546875 217.875 451 296 451 299 450 300 450 301 451 302 451 303 450 304 450 305 451 306 451 307 450 308 450 309 451 310 451 311 450 312 450 313 451 314 451 315 450 316 450 317 451 318 451 319 450 320 450 321 451 322 451 323 450 324 450 325 451 326 451 327 450 328 450 329 451 330 451 331 450 332 450 333 451 334 451 340 452 341 478 341 479 340 496 340 497 339 497 336 498 335 498 334 497 333 497 330 496 329 464 329 463 328 463 305 462 304 463 303 463 302 462 301 462 300 463 299 462 298 462 296
369 C 0 1 5 13 1.515625 0.015625 471.75 -0.03125 1.578125 216.625 575 215 574 216 572 216 572 225 573 226 579 226 582 229 582 233 583 234 583 235 595 235 595 216 594 215
373 C 0 1 5 32 1.53125 0.015625 499.625 -0.03125 1.578125 216.625 608 215 607 216 601 216 601 219 600 220 600 221 601 222 601 226 603 226 604 227 609 227 610 228 610 229 611 230 611 235 612 235 613 236 619 236 620 235 623 235 624 234 623 233 624 232 624 222 623 221 623 220 624 219 624 218 623 217 623 216 622 216 621 215
374 C 0 1 5 29 1.515625 0.015625 507.75 -0.03125 1.578125 216.625 618 215 617 216 609 216 608 217 608 224 609 225 609 226 610 226 611 227 617 227 618 228 618 232 619 233 619 235 620 236 629 236 630 235 631 235 632 234 631 233 631 232 632 231 632 221 631 220 632 219 631 218 631 216 628 216 627 215
376 C 0 1 5 32 1.515625 0 524.875 -0.015625 1.578125 216.5 631 216 630 217 627 217 626 218 626 219 625 220 625 221 626 222 626 223 625 224 626 225 626 226 628 228 634 228 635 229 635 233 636 234 636 236 637 237 647 237 649 235 649 232 650 231 650 230 649 229 649 227 650 226 649 225 649 218 648 217 645 217 644 216
377 C 0 3 1 40 1.515625 -0.015625 534 0 1.578125 216.375 532 296 531 297 531 303 530 304 530 305 531 306 531 307 530 308 530 309 531 310 531 311 530 312 530 313 531 314 531 315 530 316 530 337 531 338 531 341 532 341 533 342 575 342 576 341 578 341 578 340 579 339 579 333 578 332 578 331 560 331 559 330 545 330 544 329 544 305 543 304 544 303 544 302 543 301 543 297 542 296
382 D 1 2 0 52 1.515625 0.015625 572.75 0 1.578125 217.375 688 296 687 297 686 297 685 298 685 307 684 308 684 309 685 310 685 311 684 312 684 313 685 314 685 315 684 316 685 317 685 327 684 328 684 330 683 331 652 331 650 333 650 340 651 341 651 342 658 342 659 343 695 343 696 342 697 342 698 341 698 340 699 339 699 338 698 337 699 336 699 314 698 313 699 312 699 310 698 309 698 308 699 307 699 306 698 305 698 304 699 303 699 302 698 301 698 298 697 297 694 297 693 296
383 C 0 2 0 39 1.53125 0 580.75 0 1.578125 217.375 694 297 693 298 693 299 692 300 692 318 693 319 693 320 692 321 692 330 691 331 661 331 660 332 658 332 657 333 657 338 658 339 657 340 659 342 660 342 661 343 704 343 706 341 706 335 707 334 706 333 706 332 707 331 707 330 706 329 706 328 707 327 707 326 706 325 706 323 707 322 706 321 706 298 705 298 704 297
384 C 0 1 3 21 1.53125 0 588.75 0 1.578125 217.375 694 218 693 219 692 219 691 220 691 228 692 229 697 229 698 230 699 230 700 231 700 236 701 237 701 238 702 238 703 239 712 239 713 238 714 238 714 219 712 219 711 218
394 C 0 3 1 44 1.578125 -0.046875 665.75 0.046875 1.546875 217.25 664 297 663 298 663 304 662 305 663 306 663 307 662 308 662 309 663 310 663 311 662 312 662 313 663 314 663 315 662 316 662 317 663 318 662 319 662 340 663 341 663 342 664 343 709 343 710 342 710 340 711 339 711 338 710 337 710 336 711 335 710 334 710 333 709 333 708 332 679 332 678 331 677 331 675 329 675 328 676 327 675 326 675 298 674 298 673 297
395 C 0 2 0 50 1.5625 -0.03125 672.75 0.03125 1.5625 217.25 787 298 786 299 785 299 785 327 784 328 784 329 785 330 783 332 753 332 752 333 751 333 750 334 750 341 751 342 751 343 752 343 753 344 796 344 797 343 798 343 798 340 799 339 799 338 798 337 798 336 799 335 799 325 798 324 799 323 799 322 798 321 798 320 799 319 799 318 798 317 798 316 799 315 799 314 798 313 798 312 799 311 799 310 798 309 798 308 799 307 799 306 798 305 798 299 797 299 796 298
408 C 0 2 0 33 1.609375 0 733.125 0 1.546875 219.625 850 299 849 300 849 331 847 333 815 333 815 334 814 335 814 341 815 342 815 344 828 344 829 345 830 344 831 345 858 345 859 344 860 344 861 343 861 314 860 313 860 312 861 311 861 310 860 309 860 308 861 307 861 306 860 305 860 304 861 303 861 302 860 301 860 299
409 C 0 1 5 20 1.59375 0.015625 736.125 -0.015625 1.578125 218.5 851 218 850 219 843 219 842 220 842 221 843 222 843 223 842 224 842 225 843 226 843 229 844 230 851 230 852 231 852 238 853 239 863 239 863 219 857 219 856 218
422 C 0 3 0 63 1.546875 0.015625 829.5 0 1.59375 218.25 829 299 828 300 828 303 827 304 827 306 828 307 827 308 827 309 828 310 828 311 827 312 827 313 828 314 828 315 827 316 827 317 828 318 828 319 827 320 827 321 828 322 828 323 827 324 827 325 828 326 828 327 827 328 827 329 828 330 828 331 827 332 827 333 828 334 828 335 827 336 827 337 828 338 828 344 829 344 830 345 871 345 872 344 875 344 876 343 876 335 875 334 872 334 871 333 843 333 841 331 841 322 840 321 840 320 841 319 841 318 840 317 840 316 841 315 841 314 840 313 840 302 839 301 839 299
472 C 0 1 3 23 1.5625 0 819.5 0.015625 1.59375 218.125 925 220 924 221 924 230 925 231 931 231 933 233 933 236 934 237 934 239 936 241 943 241 944 240 946 240 946 239 947 238 946 237 946 236 947 235 947 223 946 222 946 221 945 221 944 220
478 C 0 3 1 50 1.53125 0 775.75 0.015625 1.59375 218.125 776 298 775 299 773 299 773 307 772 308 772 309 773 310 773 311 772 312 772 313 773 314 773 315 772 316 772 317 773 318 773 319 772 320 772 321 773 322 773 323 772 324 772 325 773 326 772 327 772 338 773 339 772 340 773 341 773 343 774 344 820 344 820 343 821 342 820 341 820 340 821 339 821 338 820 337 820 334 818 334 817 333 788 333 787 332 787 331 786 330 786 302 785 301 785 299 782 299 781 298
480 C 0 2 0 41 1.546875 -0.015625 759.75 0.046875 1.5625 218.125 876 299 875 300 874 300 873 301 873 321 874 322 874 323 873 324 873 331 870 334 860 334 859 333 844 333 843 334 839 334 839 335 838 336 838 341 839 342 839 344 840 345 884 345 885 344 886 344 886 340 887 339 887 322 886 321 887 320 887 314 886 313 886 312 887 311 887 310 886 309 886 308 887 307 887 306 886 305 886 301 884 299
511 C 0 0 5 60 1.578125 -0.046875 640.75 0.046875 1.546875 217.25 640 218 639 219 639 224 638 225 639 226 639 227 638 228 638 229 639 230 639 231 638 232 638 233 639 234 639 235 638 236 638 237 639 238 639 239 638 240 638 241 639 242 639 243 638 244 638 261 639 262 639 263 642 263 643 264 646 264 647 263 651 263 651 252 652 251 652 250 651 249 651 248 652 247 652 246 651 245 651 244 652 243 652 231 653 230 654 230 655 229 662 229 663 230 664 229 670 229 671 230 682 230 683 229 686 229 686 228 687 227 687 221 686 220 686 219 683 219 682 218
512 C 0 2 0 67 1.515625 -0.015625 634 0.03125 1.578125 217.125 748 298 747 299 746 299 745 300 745 315 744 316 744 317 745 318 745 323 744 324 744 325 745 326 745 327 744 328 744 331 742 333 732 333 731 332 713 332 712 333 710 333 710 335 709 336 709 337 710 338 710 342 711 343 712 343 713 344 756 344 757 343 758 343 758 336 759 335 759 334 758 333 758 332 759 331 759 330 758 329 758 328 759 327 759 326 758 325 758 324 759 323 759 322 758 321 758 320 759 319 759 318 758 317 758 316 759 315 759 314 758 313 758 312 759 311 759 310 758 309 758 308 759 307 759 306 758 305 758 299 755 299 754 298
515 C 0 2 0 55 1.53125 -0.03125 611 0.015625 1.578125 217.25 723 298 722 299 721 299 721 308 720 309 721 310 721 311 720 312 720 313 721 314 721 315 720 316 720 317 721 318 721 323 720 324 720 325 721 326 721 327 720 328 720 331 719 332 688 332 687 333 686 333 686 335 685 336 685 337 686 338 686 339 685 340 686 341 686 342 687 343 692 343 693 344 695 344 696 343 697 344 732 344 733 343 734 343 734 340 735 339 735 338 734 337 735 336 735 305 734 304 735 303 735 302 734 301 734 299 733 299 732 298
533 C 0 1 3 26 1.5 -0.015625 477.125 0.015625 1.578125 216.25 581 218 580 219 579 219 579 223 578 224 578 225 579 226 579 229 584 229 585 230 586 230 587 231 587 233 588 234 588 238 589 238 590 239 599 239 600 238 600 236 601 235 601 221 600 220 600 219 598 219 597 218
538 C 0 0 3 30 1.5625 0.015625 438.375 -0.03125 1.53125 219 442 217 441 218 439 218 439 219 438 220 438 245 439 246 438 247 438 249 439 250 439 251 438 252 438 253 439 254 439 255 438 256 438 257 439 258 439 262 440 263 450 263 451 262 451 231 453 229 461 229 462 228 484 228 485 227 485 218 484 217
565 C 0 2 0 28 1.484375 -0.015625 309.25 0 1.5625 216.5 419 295 418 296 418 299 417 300 417 301 418 302 418 303 417 304 417 305 418 306 417 307 417 314 418 315 417 316 418 317 418 319 417 320 417 327 415 329 384 329 384 330 383 331 383 337 384 338 384 340 430 340 431 339 431 295
579 C 0 1 3 23 1.5 -0.015625 208.125 0 1.515625 219.875 311 218 309 220 309 227 311 229 317 229 319 231 318 232 318 233 319 234 319 237 320 238 330 238 331 237 331 232 332 231 332 230 331 229 331 228 332 227 332 221 331 220 332 219 331 218
610 C 0 1 5 24 1.515625 0 34.875 -0.03125 1.515625 219.125 136 216 136 226 137 227 144 227 145 228 145 235 146 236 150 236 151 235 155 235 156 234 155 233 155 232 156 231 156 230 155 229 155 228 156 227 156 226 155 225 156 224 156 218 155 217 155 216
614 C 0 0 3 34 1.515625 0 42.875 -0.046875 1.53125 219.125 70 218 69 219 46 219 45 220 44 220 44 248 43 249 44 250 44 251 43 252 43 253 44 254 44 263 45 264 51 264 52 263 54 263 54 260 55 259 55 231 56 230 70 230 71 229 86 229 88 227 88 226 87 225 87 224 88 223 88 222 87 221 87 220 88 219 87 218
620 C 0 2 1 51 1.515625 0 66.875 -0.03125 1.5 220.25 184 292 183 293 178 293 177 294 177 299 176 300 176 301 177 302 177 303 176 304 176 305 177 306 177 307 176 308 176 309 177 310 177 311 176 312 177 313 177 322 176 323 176 326 175 327 153 327 152 328 144 328 144 331 143 332 143 333 144 334 144 338 145 338 146 339 154 339 155 338 186 338 187 337 188 337 188 336 189 335 189 301 188 300 189 299 189 298 188 297 188 296 189 295 188 294 188 293 187 293 186 292
623 C 0 0 3 37 1.46875 0.015625 85.125 -0.03125 1.515625 220.125 106 218 105 219 87 219 86 220 85 220 85 222 84 223 84 257 85 258 85 259 84 260 85 261 85 263 86 263 87 264 92 264 93 263 96 263 96 260 97 259 97 258 96 257 97 256 97 232 99 230 108 230 109 229 126 229 127 228 129 228 130 227 130 224 131 223 131 222 130 221 130 219 129 218
635 C 0 2 1 73 1.484375 -0.046875 176.5 -0.015625 1.5625 216.625 286 294 285 295 283 295 283 303 282 304 282 305 283 306 283 307 282 308 282 309 283 310 283 311 282 312 282 313 283 314 283 319 282 320 282 321 283 322 283 323 282 324 282 326 280 328 262 328 261 329 249 329 248 330 248 338 249 339 250 339 251 340 288 340 289 339 294 339 295 338 295 332 296 331 296 330 295 329 295 328 296 327 296 326 295 325 295 324 296 323 296 322 295 321 295 320 296 319 296 318 295 317 295 316 296 315 296 314 295 313 295 312 296 311 296 310 295 309 295 308 296 307 296 306 295 305 295 304 296 303 296 302 295 301 295 300 296 299 295 298 295 295 293 295 292 294
648 D 0 1 3 25 1.53125 -0.09375 260.5 0.046875 1.546875 214.25 361 217 360 218 360 228 367 228 369 230 369 237 370 237 371 238 379 238 380 237 380 232 381 231 381 230 380 229 380 228 381 227 381 226 380 225 380 224 381 223 381 222 380 221 380 220 381 219 379 217
659 C 0 1 3 23 1.5625 -0.0625 284 0.015625 1.546875 216.5 387 218 386 219 386 221 385 222 386 223 385 224 385 226 386 227 386 228 387 229 394 229 395 230 395 238 406 238 406 232 407 231 407 230 406 229 406 228 407 227 407 219 406 219 405 218
661 C 0 1 3 27 1.484375 -0.03125 277.375 0 1.5625 216.5 378 218 377 219 376 219 376 228 377 228 378 229 383 229 385 231 384 232 385 233 385 237 386 237 387 238 399 238 399 235 400 234 399 233 399 232 400 231 400 230 399 229 400 228 400 221 399 220 400 219 398 219 397 218
678 C 0 3 0 60 1.515625 -0.03125 159.125 -0.015625 1.59375 212.375 160 292 159 293 156 293 155 294 155 304 154 305 155 306 155 307 154 308 154 309 155 310 155 311 154 312 154 313 155 314 155 315 154 316 154 334 155 335 155 337 156 338 199 338 200 337 201 337 202 336 202 332 203 331 203 330 202 329 202 328 201 327 169 327 168 326 168 325 167 324 168 323 168 322 167 321 167 320 168 319 168 318 167 317 167 316 168 315 168 314 167 313 167 312 168 311 168 310 167 309 167 308 168 307 167 306 167 303 168 302 167 301 167 294 166 293 162 293 161 292
679 C 0 2 1 45 1.53125 0 149.75 -0.03125 1.59375 212.5 263 291 261 293 261 313 262 314 262 315 261 316 261 324 260 325 254 325 253 326 229 326 228 327 227 327 227 336 228 337 272 337 273 336 274 336 274 332 275 331 275 318 274 317 274 316 275 315 275 314 274 313 274 312 275 311 275 310 274 309 274 308 275 307 275 306 274 305 274 304 275 303 275 302 274 301 274 300 275 299 275 298 274 297 274 292 273 292 272 291
695 C 0 1 3 34 1.5625 -0.078125 244.125 0.046875 1.5625 213.125 346 217 345 218 345 219 344 220 344 221 345 222 344 223 344 225 345 226 345 227 346 227 347 228 352 228 354 230 354 234 355 235 355 237 359 237 360 238 363 238 364 237 367 237 367 232 368 231 368 230 367 229 367 228 368 227 368 221 367 220 368 219 367 218 366 218 365 217
704 C 0 1 3 19 1.578125 -0.09375 272.125 0.078125 1.5625 211.875 376 217 376 219 375 220 375 228 376 228 377 229 383 229 384 230 384 238 395 238 395 227 396 226 395 225 395 224 396 223 396 219 395 218 384 218 383 217
710 C 0 1 3 24 1.578125 -0.015625 265.5 0.03125 1.546875 215.375 372 216 371 217 371 226 372 227 379 227 380 228 380 234 381 235 381 236 382 237 389 237 390 236 391 236 391 235 392 234 391 233 391 232 392 231 392 229 391 228 392 227 392 218 391 217 391 216
716 C 0 2 0 24 1.578125 -0.03125 274.625 0 1.578125 214.375 388 295 387 296 387 327 386 328 385 328 384 329 352 329 352 340 398 340 398 339 399 338 398 337 398 336 399 335 399 334 398 333 399 332 399 302 398 301 398 300 399 299 399 298 398 297 398 295
720 C 0 1 3 30 1.59375 -0.046875 281.625 0.046875 1.546875 214.25 386 217 386 219 385 220 385 221 386 222 386 223 385 224 385 225 386 226 386 227 387 228 394 228 395 229 395 237 406 237 406 236 407 235 407 234 406 233 406 232 407 231 407 230 406 229 406 228 407 227 407 221 406 220 407 219 407 218 406 217
754 C 0 1 3 25 1.546875 -0.046875 312 0.03125 1.59375 214 416 219 415 220 415 229 416 230 423 230 424 231 424 239 427 239 428 240 434 240 435 239 435 235 436 234 435 233 435 232 436 231 436 230 435 229 435 228 436 227 436 222 435 221 435 220 432 220 431 219
763 C 0 2 0 37 1.53125 -0.046875 264.125 0.03125 1.578125 214.125 375 296 374 297 374 299 373 300 373 324 372 325 372 329 371 330 340 330 338 332 338 340 339 341 350 341 351 342 384 342 386 340 386 332 387 331 387 330 386 329 386 328 387 327 387 326 386 325 386 324 387 323 387 322 386 321 386 320 387 319 387 318 386 317 387 316 387 298 386 297 384 297 383 296
784 C 0 1 3 17 1.515625 -0.03125 108.125 0.03125 1.59375 211 212 215 211 216 211 224 212 225 214 225 215 226 219 226 220 227 220 233 222 235 232 235 234 233 234 220 235 219 234 218 234 216 233 215
984 C 0 2 0 47 1.53125 -0.03125 103 0.015625 1.59375 211.125 215 293 214 294 214 295 213 296 213 319 212 320 212 321 213 322 212 323 212 326 211 327 207 327 206 328 205 328 204 327 180 327 179 328 178 328 177 329 177 336 179 338 183 338 184 339 224 339 225 338 225 337 226 336 226 331 227 330 226 329 226 328 227 327 227 326 226 325 226 324 227 323 227 322 226 321 226 320 227 319 227 318 226 317 227 316 227 295 226 294 225 294 224 293
1029 C 0 2 0 49 1.515625 -0.03125 443.125 0.03125 1.578125 218.125 553 300 552 301 552 312 551 313 552 314 552 315 551 316 551 317 552 318 552 324 551 325 552 326 552 327 551 328 551 333 550 334 528 334 527 333 520 333 519 334 518 334 517 335 517 343 519 345 545 345 546 346 562 346 564 344 564 340 565 339 565 338 564 337 564 336 565 335 565 334 564 333 565 332 565 330 564 329 564 328 565 327 565 326 564 325 565 324 565 305 564 304 565 303 565 302 563 300
1039 C 0 2 0 28 1.5 -0.03125 517.25 0.046875 1.5625 220.125 627 302 625 304 625 332 624 333 625 334 623 336 608 336 607 335 594 335 593 336 591 336 591 345 592 346 596 346 597 347 637 347 638 346 638 344 639 343 639 342 638 341 638 340 639 339 639 306 638 305 638 303 637 303 636 302
1041 C 0 2 0 21 1.515625 -0.0625 533.375 0.0625 1.546875 220.125 643 302 642 303 641 303 640 304 640 334 638 336 606 336 606 339 605 340 605 341 606 342 606 345 608 347 652 347 652 344 653 343 653 305 652 304 652 303 650 303 649 302
1043 C 0 2 0 55 1.53125 -0.0625 547.25 0.0625 1.53125 221.25 656 303 655 304 655 332 654 333 655 334 653 336 621 336 620 337 620 345 622 347 649 347 650 348 665 348 666 347 667 347 667 343 668 342 667 341 667 340 668 339 668 338 667 337 667 336 668 335 668 334 667 333 667 332 668 331 668 330 667 329 667 328 668 327 668 326 667 325 667 324 668 323 668 322 667 321 667 320 668 319 668 318 667 317 667 316 668 315 668 314 667 313 667 312 668 311 668 310 667 309 667 308 668 307 668 306 667 305 667 303
1047 C 0 1 3 21 1.484375 -0.015625 576.25 0.015625 1.578125 221.25 677 225 675 227 675 234 676 235 676 236 681 236 682 237 683 237 684 238 684 244 685 245 686 245 687 246 695 246 696 245 696 244 697 243 697 227 696 226 692 226 691 225
1059 C 0 1 3 19 1.484375 0 663.125 0.015625 1.5625 224.375 763 228 762 229 762 236 763 237 763 238 764 238 765 239 770 239 771 240 771 245 772 246 772 247 773 248 782 248 783 247 783 244 784 243 784 230 782 228
1062 C 0 2 0 25 1.5 -0.03125 685.25 0.046875 1.546875 224.25 795 305 794 306 793 306 793 307 792 308 792 326 793 327 793 328 792 329 792 338 791 339 760 339 759 340 759 348 760 349 761 349 762 350 804 350 804 348 805 347 805 310 804 309 804 306 803 306 802 305
1098 C 0 2 0 49 1.5 -0.03125 681.25 0.0625 1.53125 224.25 790 305 789 306 789 307 788 308 788 338 787 339 756 339 755 340 755 348 756 349 758 349 759 350 799 350 800 349 800 344 801 343 801 342 800 341 800 340 801 339 801 338 800 337 800 336 801 335 801 334 800 333 800 332 801 331 801 330 800 329 800 328 801 327 801 326 800 325 800 324 801 323 801 322 800 321 800 320 801 319 801 318 800 317 800 316 801 315 801 314 800 313 800 306 798 306 797 305
1108 D 0 0 5 64 1.46875 0 608.25 0.015625 1.578125 222.25 605 224 605 235 604 236 605 237 605 240 604 241 605 242 605 243 604 244 604 245 605 246 605 247 604 248 604 249 605 250 605 251 604 252 604 253 605 254 605 255 604 256 604 257 605 258 605 259 604 260 604 261 605 262 605 263 604 264 604 265 605 266 605 268 606 268 607 269 616 269 618 267 618 256 619 255 619 254 618 253 618 252 619 251 619 250 618 249 618 248 619 247 619 246 618 245 618 244 619 243 619 242 618 241 619 240 619 236 620 235 639 235 640 236 649 236 650 235 652 235 652 226 651 225 647 225 646 224
1111 C 0 1 3 19 1.5 -0.03125 586.25 0.046875 1.546875 222.25 687 226 686 227 686 235 688 237 694 237 695 238 695 245 696 246 707 246 707 244 708 243 708 242 707 241 708 240 708 229 707 228 707 227 705 227 704 226
1122 C 0 2 0 26 1.546875 -0.0625 507.125 0.046875 1.546875 220.25 616 302 616 303 615 304 615 334 614 335 613 335 612 336 600 336 599 335 583 335 582 336 580 336 580 345 581 346 587 346 588 347 627 347 627 343 628 342 627 341 627 340 628 339 628 306 627 305 627 303 626 302
1132 C 0 2 0 67 1.515625 -0.046875 434.25 0.046875 1.5625 218.125 544 300 543 301 543 315 542 316 542 317 543 318 543 319 542 320 543 321 543 324 542 325 543 326 542 327 542 331 541 332 541 333 540 334 509 334 508 335 508 344 509 344 510 345 532 345 533 346 534 346 535 345 536 346 553 346 555 344 555 336 556 335 556 334 555 333 555 332 556 331 556 330 555 329 555 328 556 327 556 326 555 325 555 324 556 323 556 322 555 321 555 320 556 319 556 318 555 317 555 316 556 315 556 314 555 313 555 312 556 311 556 310 555 309 555 308 556 307 556 306 555 305 555 304 556 303 555 302 555 301 554 301 553 300
1150 C 0 1 3 11 1.546875 0.03125 303.375 -0.03125 1.5625 216.75 408 216 408 227 415 227 417 229 417 235 418 236 428 236 429 235 429 218 428 217 428 216
1156 C 0 2 0 50 1.59375 -0.03125 287.5 0 1.5625 214.5 402 294 401 295 400 295 400 327 399 328 388 328 387 329 386 329 385 328 382 328 381 329 366 329 365 330 365 339 366 340 410 340 412 338 411 337 411 336 412 335 412 325 411 324 412 323 412 322 411 321 412 320 412 318 411 317 411 316 412 315 412 314 411 313 411 312 412 311 412 310 411 309 411 308 412 307 412 306 411 305 411 304 412 303 412 302 411 301 411 300 412 299 412 298 411 297 411 295 410 294
1160 C 0 1 3 24 1.546875 0 276.625 0.015625 1.5625 216.375 383 217 382 218 382 228 388 228 389 229 390 229 391 230 391 237 392 238 401 238 402 237 402 236 403 235 403 234 402 233 402 232 403 231 403 230 402 229 402 228 403 227 403 218 401 218 400 217
1399 C 0 1 3 29 1.546875 -0.046875 56 0.03125 1.59375 210 163 213 162 214 160 214 160 224 163 224 164 225 167 225 169 227 168 228 168 229 169 230 169 233 170 233 171 234 180 234 182 232 182 228 183 227 183 226 182 225 182 224 183 223 183 218 182 217 183 216 183 215 182 214 178 214 177 213
1406 C 0 1 3 25 1.5625 -0.0625 110 0.046875 1.5625 211.125 217 214 216 215 213 215 213 224 214 225 216 225 217 226 221 226 222 227 222 229 223 230 223 231 222 232 223 233 223 234 224 235 234 235 235 234 235 228 236 227 236 217 235 216 235 215 227 215 226 214
1414 C 0 1 3 18 1.546875 -0.0625 172.125 0.03125 1.578125 212.125 275 216 275 219 274 220 274 225 275 226 276 226 277 227 282 227 283 228 283 233 284 234 284 236 295 236 296 235 296 232 297 231 297 217 296 216
1442 C 0 1 3 26 1.546875 -0.078125 380.25 0.046875 1.5625 216.125 482 220 481 221 480 221 480 231 486 231 489 234 489 235 488 236 489 237 489 240 490 240 491 241 500 241 501 240 502 240 502 236 503 235 503 234 502 233 502 232 503 231 503 222 502 222 501 221 494 221 493 220
1455 C 0 1 3 18 1.484375 0 476.125 0.03125 1.578125 219.125 578 223 577 224 577 233 578 233 579 234 584 234 586 236 586 241 587 242 587 243 599 243 599 232 600 231 600 230 599 229 599 224 596 224 595 223
1462 C 0 2 0 43 1.5 -0.03125 528.25 0.046875 1.5625 220.125 639 302 638 303 637 303 636 304 636 332 635 333 636 334 634 336 602 336 602 338 601 339 601 341 602 342 602 345 603 346 604 346 605 347 648 347 648 340 649 339 649 338 648 337 648 336 649 335 649 334 648 333 648 332 649 331 649 330 648 329 648 328 649 327 649 318 648 317 649 316 649 309 648 308 649 307 649 306 648 305 648 303 647 303 646 302
1488 C 0 1 3 23 1.5625 -0.046875 568.875 0.046875 1.546875 221.25 671 225 671 236 676 236 677 237 679 237 680 238 680 246 690 246 690 240 691 239 691 238 690 237 690 236 691 235 691 233 690 232 691 231 691 229 690 228 691 227 690 226 685 226 684 225
1489 C 0 1 3 23 1.5625 -0.046875 568.875 0.046875 1.546875 221.25 671 225 671 236 676 236 677 237 679 237 680 238 680 246 690 246 690 244 691 243 690 242 690 240 691 239 691 238 690 237 690 236 691 235 691 229 690 228 691 227 690 226 685 226 684 225
1490 C 0 1 3 24 1.5625 -0.015625 566.625 0.046875 1.515625 223.5 671 225 671 236 676 236 677 237 679 237 680 238 680 246 690 246 690 244 691 243 691 242 690 241 690 240 691 239 691 238 690 237 690 236 691 235 691 229 690 228 691 227 690 226 685 226 684 225
1491 C 0 1 3 24 1.5625 -0.015625 566.625 0.046875 1.515625 223.5 671 225 671 236 676 236 677 237 679 237 680 238 680 246 690 246 690 244 691 243 691 242 690 241 690 240 691 239 691 238 690 237 690 236 691 235 691 229 690 228 691 227 690 226 686 226 685 225
1500 C 0 1 3 21 1.515625 -0.046875 556.25 0.046875 1.5625 220.125 657 225 656 226 656 235 657 236 663 236 665 238 665 244 666 245 667 245 668 246 675 246 676 245 676 244 677 243 677 242 676 241 677 240 677 227 676 226 674 226 673 225
1528 C 0 1 3 23 1.546875 -0.0625 363.125 0.046875 1.5625 216.125 465 220 464 221 464 231 471 231 472 232 472 233 473 234 473 240 474 240 475 241 484 241 485 240 486 240 486 236 487 235 487 234 486 233 487 232 487 222 486 222 485 221 480 221 479 220
1536 C 0 1 3 23 1.53125 -0.046875 304.125 0.03125 1.578125 215.125 406 219 405 220 405 229 406 229 407 230 412 230 414 232 414 234 415 235 414 236 415 237 415 239 427 239 427 235 428 234 427 233 427 232 428 231 428 222 427 221 427 220 426 220 425 219
1552 C 0 1 3 26 1.53125 -0.0625 185.25 0.03125 1.59375 212 287 216 287 219 286 220 286 221 287 222 287 223 286 224 287 225 287 226 288 227 293 227 296 230 296 231 295 232 295 233 296 234 296 236 298 236 299 237 306 237 307 236 308 236 308 232 309 231 309 218 307 216
1573 D 0 1 3 29 1.5625 -0.09375 28.25 0.0625 1.578125 208.875 132 213 131 214 131 215 130 216 130 217 131 218 130 219 130 221 131 222 131 224 138 224 139 225 139 229 140 230 140 233 141 233 142 234 150 234 152 232 152 228 153 227 153 226 152 225 152 224 153 223 153 217 152 216 153 215 151 213
1666 C 0 1 3 27 1.53125 -0.046875 28.125 0.03125 1.59375 210 133 213 132 214 132 223 133 224 139 224 141 226 141 227 140 228 140 229 141 230 141 233 143 233 144 234 151 234 152 233 153 233 154 232 154 228 155 227 155 226 154 225 154 224 155 223 155 215 154 214 153 214 152 213
1669 C 0 1 3 23 1.5625 -0.078125 52.125 0.046875 1.578125 210 156 213 155 214 155 219 154 220 155 221 155 224 159 224 160 225 162 225 164 227 163 228 163 229 164 230 164 233 165 234 175 234 176 233 176 229 177 228 177 215 176 214 173 214 172 213
1673 C 0 1 3 31 1.5625 -0.0625 82 0.046875 1.5625 211.125 187 214 186 215 185 215 185 219 184 220 184 221 185 222 185 224 186 224 187 225 192 225 194 227 194 232 195 233 195 234 198 234 199 235 204 235 205 234 207 234 207 228 208 227 208 226 207 225 207 224 208 223 208 218 207 217 207 215 206 215 205 214
